0.01295796
0.013781697
0.015991747
0.014704883
0.014250338
0.055009812
0.009939194
0.010466725
0.011026859
0.014344364
0.013301969
0.010901511
0.009324789
0.0121076405
0.011527687
0.0096640885
0.012155741
0.012185603
0.013926953
0.015780479
0.015158206
0.013682127
0.012984812
0.021019101
0.071137846
0.027367651
0.01456663
0.015925288
0.06509948
0.022595853
0.0177235
0.012069613
0.01463753
0.013580412
0.016644388
0.012824029
0.0152825415
0.01334393
0.015023887
0.013557553
0.012316138
0.01231277
0.031971723
0.013599217
0.014744639
0.015516996
0.012849033
0.011771977
0.015516996
0.014254779
0.0135837495
0.014137179
0.014206767
0.01261881
0.0131599605
0.013502985
0.014875621
0.01785475
0.011781812
0.0133093
0.018996716
0.01283747
0.012511909
0.012637347
0.016293198
0.012107998
0.021938533
0.014459223
0.012379348
0.01298821
0.014274746
0.047200352
0.02738583
0.013501108
0.013731718
0.018918216
0.0152825415
0.012774646
0.013830453
0.0154752135
0.018587798
0.0210028
0.020804822
0.02936539
0.009893715
0.017513126
0.018503904
0.01865244
0.019595206
0.023815423
0.022013724
0.013469696
0.018305719
0.011479318
0.012896687
0.025527328
0.017149836
0.017394125
0.013682127
0.013317287
0.012936056
0.013116002
0.013388634
0.011988223
0.019236237
0.014212459
0.017125756
0.015347898
0.013697386
0.01204294
0.015636533
0.013830274
0.010879666
0.022155166
0.011392236
0.016955912
0.022148073
0.01627323
0.012390912
0.0139425695
0.014349043
0.014680415
0.013035655
0.012588918
0.011342287
0.016648293
0.012489557
0.012353957
0.014402866
0.013020903
0.012678236
0.01194039
0.011675358
0.012309194
0.01298821
0.012955219
0.014113754
0.009608895
0.011696219
0.009827942
0.00983277
0.013926953
0.011799663
0.017863184
0.008465916
0.013020903
0.010025293
0.01242581
0.010828286
0.013182163
0.02177614
0.010701507
0.012779802
0.010580391
0.011556238
0.0133036375
0.011048138
0.01771009
0.025991946
0.010528833
0.013102472
0.02197656
0.010066062
0.012457192
0.007650137
0.037211448
0.013184786
0.012523234
0.019542873
0.014626622
0.0189206
0.010789245
0.0118590295
0.01411736
0.012995243
0.028657734
0.10426101
0.013946682
0.031193525
0.014436364
0.015294135
0.059205115
0.019460827
0.011228383
0.014665008
0.016116142
0.014332235
0.011502653
0.0132341385
0.014363527
0.013853312
0.011971682
0.012516975
0.016530663
0.013541549
0.011911631
0.017193884
0.018654466
0.012852162
0.013197243
0.014811099
0.01809612
0.012769729
0.012021035
0.017510802
0.015516996
0.0154489875
0.019200891
0.020990372
0.014997989
0.012987375
0.01390025
0.017918825
0.011277467
0.011507243
0.014753729
0.012849867
0.012670457
0.013647646
0.011991888
0.014419168
0.010853022
0.012377888
0.014663279
0.013217449
0.012140006
0.014250338
0.012283057
0.014250338
0.010508686
0.011650413
0.010768145
0.011455983
0.011347741
0.012283057
0.011683106
0.012046188
0.015057653
0.014208734
0.012230873
0.01148358
0.011990875
0.014457703
0.014398992
0.013649434
0.013492286
0.017164469
0.017997682
0.024838567
0.015375644
0.020454526
0.015103638
0.012140125
0.018359244
0.021255225
0.022320807
0.01791662
0.011727303
0.014234036
0.02143538
0.044580817
0.020193636
0.021889418
0.013124585
0.019476295
0.12061864
0.035780936
0.015225947
0.018147647
0.021052718
0.017308146
0.017483503
0.017926276
0.021633834
0.036747247
0.029133558
0.014124334
0.019104242
0.019831032
0.013738722
0.016301662
0.01126188
0.00921315
0.012873113
0.015516996
0.011367977
0.011141807
0.0138053
0.011599302
0.014988184
0.013276488
0.011610985
0.012637347
0.014250338
0.02160272
0.021481961
0.019962609
0.01355949
0.013857484
0.012999386
0.012299597
0.012999386
0.015516996
0.014470726
0.018963099
0.025111377
0.013038993
0.022519022
0.01682946
0.018503904
0.020791054
0.027036577
0.012481272
0.012198657
0.01908499
0.021889418
0.0135138035
0.012675554
0.021635205
0.013341695
0.019758105
0.021889418
0.022362381
0.020615727
0.016334593
0.013873279
0.015389264
0.014863908
0.021889418
0.01826176
0.018936396
0.018791914
0.01896727
0.010488093
0.016862124
0.016525745
0.016701967
0.012706757
0.013570607
0.018291563
0.014830202
0.019951463
0.014846861
0.013403654
0.013991803
0.01408425
0.014877856
0.01455766
0.012359351
0.018570572
0.012230307
0.013413399
0.0132344365
0.012619615
0.012955219
0.017565042
0.014877856
0.019622207
0.014626205
0.013954401
0.014988184
0.014798641
0.010968775
0.011594981
0.014166802
0.0151593685
0.014988184
0.012088031
0.01568818
0.0112888515
0.014321357
0.014250338
0.012476802
0.013166845
0.011139482
0.012813538
0.014846861
0.012296081
0.013020903
0.009899288
0.030985445
0.013806224
0.022412628
0.015588909
0.015588909
0.027172834
0.017477602
0.037449688
0.021264106
0.014773548
0.01666218
0.020225346
0.021889418
0.016716093
0.012007117
0.01178816
0.01991275
0.021889418
0.013020903
0.039167464
0.011316717
0.017821014
0.024494112
0.016667753
0.024116576
0.021030456
0.018271774
0.014819652
0.022630453
0.016751885
0.016829789
0.013124585
0.01848188
0.022292942
0.014990717
0.016667753
0.013346285
0.0129419565
0.018614143
0.013761163
0.03077823
0.015409082
0.012044907
0.00663051
0.03013736
0.016002804
0.014164001
0.018060684
0.012377769
0.009245843
0.014954358
0.083735585
0.0125311315
0.012966722
0.012632906
0.012910187
0.013578504
0.013192087
0.0131210685
0.016996235
0.013771385
0.021013528
0.016652763
0.016837776
0.07495847
0.008660227
0.010701507
0.009737402
0.013216406
0.010805905
0.010797024
0.00877887
0.010805905
0.011213124
0.0123440325
0.009737402
0.0079225
0.00953722
0.00953722
0.013109714
0.009675711
0.010097653
0.0130777955
0.009708405
0.00953722
0.011297286
0.01040411
0.00826028
0.008185983
0.008898556
0.007919848
0.00882715
0.0074421763
0.00953722
0.010853261
0.007868677
0.008009255
0.008746177
0.0077070594
0.00826028
0.00826028
0.011431634
0.011582583
0.00857842
0.009229451
0.0074366033
0.021889418
0.020944625
0.010978669
0.023935318
0.015121251
0.010701507
0.010316193
0.029173583
0.017783076
0.0152825415
0.021889418
0.015516996
0.030381769
0.025794923
0.017461002
0.02059409
0.034359097
0.013682127
0.022613943
0.01057145
0.010805905
0.009501785
0.010805905
0.010294288
0.015484303
0.00877887
0.00953722
0.00882715
0.00826028
0.008794457
0.00826028
0.00979802
0.015516996
0.014217645
0.014250338
0.010316193
0.00953722
0.008296728
0.00826028
0.00826028
0.00826028
0.00826028
0.008148223
0.008148223
0.008148223
0.006639451
0.00953722
0.00953722
0.00953722
0.014287114
0.011180431
0.010316193
0.010573983
0.011213124
0.009908974
0.01230216
0.012283057
0.010805905
0.0132878125
0.014267057
0.008148223
0.01880613
0.03750536
0.021554857
0.013226211
0.019652218
0.020513266
0.01417318
0.021889418
0.014877856
0.014041275
0.014877856
0.017927378
0.014434963
0.022418827
0.025743932
0.0265944
0.020626783
0.02589053
0.013996422
0.0114605725
0.013926953
0.013179809
0.012910187
0.013926953
0.014877856
0.014935434
0.013516456
0.011614084
0.019646585
0.015516996
0.015150934
0.013782382
0.0115351975
0.010977089
0.009737402
0.018908769
0.014037341
0.010805905
0.01040411
0.010805905
0.0139425695
0.009130001
0.013706028
0.011213124
0.010805905
0.013926953
0.014955491
0.018030226
0.01606664
0.012505949
0.018001288
0.014250338
0.017414838
0.013219595
0.01867336
0.018051028
0.014250338
0.014572412
0.013790369
0.010669321
0.015292436
0.016457647
0.012024939
0.015045941
0.011213124
0.01679781
0.01324898
0.011667669
0.014659345
0.015972465
0.016898721
0.014790446
0.014250338
0.014421523
0.014056534
0.013926953
0.014250338
0.014250338
0.07314962
0.017522901
0.012679577
0.010573983
0.018353164
0.014704883
0.015215248
0.01336664
0.012602419
0.012217611
0.027814925
0.020271271
0.0152825415
0.020271271
0.025911659
0.021889418
0.01724723
0.025726378
0.019693315
0.026935339
0.022874951
0.021889418
0.026714504
0.0327318
0.026714504
0.048194915
0.029235661
0.021889418
0.043396592
0.02794385
0.027118027
0.027269065
0.017364323
0.04531029
0.027118027
0.033354253
0.02051583
0.020342082
0.014988184
0.024157912
0.01417318
0.030386508
0.021889418
0.011213124
0.022608787
0.020616502
0.012236565
0.011109978
0.0090256035
0.00953722
0.016717255
0.014988184
0.014250338
0.010805905
0.014060259
0.011127979
0.008950055
0.013289064
0.010260135
0.010805905
0.014988184
0.00877887
0.010398716
0.031530023
0.015178144
0.012298733
0.013219595
0.019411206
0.03401199
0.029923946
0.02836892
0.02703166
0.018444598
0.14309919
0.022049814
0.07464355
0.026030123
0.02625218
0.03002128
0.030273348
0.025991946
0.025991946
0.019411206
0.11131689
0.024842262
0.03678766
0.026865542
0.03879127
0.025188982
0.014988184
0.027269065
0.016717255
0.022386253
0.015516996
0.02440086
0.023051292
0.014222741
0.01946652
0.017474413
0.025794923
0.04053265
0.019781083
0.010805905
0.010805905
0.011213124
0.008746177
0.014342934
0.019639075
0.015516996
0.012910187
0.017379165
0.0100598335
0.011213124
0.010227442
0.011213124
0.01500538
0.013355941
0.009708405
0.00953722
0.00953722
0.015516996
0.014250338
0.009853154
0.010805905
0.007650852
0.008898079
0.0068930984
0.007569939
0.0059638917
0.0065965354
0.007104814
0.0065288246
0.007184446
0.0090256035
0.0109734535
0.007883608
0.007827312
0.0075255632
0.008875847
0.00706324
0.007306218
0.005732
0.008582354
0.0067099035
0.009840161
0.0067879558
0.009035617
0.006884843
0.009126723
0.0072074234
0.005287707
0.010719925
0.0078034103
0.007730216
0.008482158
0.0068905056
0.014654607
0.007299453
0.00953722
0.006157309
0.008033812
0.0071658194
0.0076164305
0.0071658194
0.007569939
0.006767094
0.006798744
0.007196009
0.010901213
0.007545054
0.0084373355
0.008556455
0.0070582926
0.006795019
0.0062093437
0.008065432
0.007316172
0.013682127
0.014013559
0.012830645
0.008121878
0.010093033
0.013694942
0.014332563
0.013653338
0.0125148
0.01066196
0.01126188
0.014988184
0.008787304
0.013900578
0.0135369
0.021197915
0.018273532
0.018740088
0.019564122
0.020333499
0.019849658
0.013334125
0.014307439
0.009731919
0.012905598
0.013635367
0.012283057
0.010947257
0.011790365
0.014421523
0.011307448
0.014988184
0.011130154
0.012338668
0.011276513
0.014120072
0.013049692
0.011627257
0.009503216
0.008884758
0.017354757
0.013234407
0.013680667
0.011282593
0.008898079
0.008506328
0.012283057
0.00757879
0.006400168
0.010155588
0.008106142
0.01144585
0.008205891
0.0114124715
0.0063895583
0.009585977
0.019713938
0.008955419
0.010589898
0.012226969
0.01121828
0.011171013
0.01133135
0.012619346
0.008864194
0.01151517
0.008406639
0.008373946
0.008838624
0.010875374
0.008866489
0.010227442
0.00778535
0.008406848
0.009284884
0.008602083
0.008296758
0.008800149
0.00986433
0.0070608854
0.0075829923
0.008443415
0.010905176
0.007974446
0.008485407
0.006728232
0.010166764
0.009245843
0.0067801178
0.007253915
0.0077295303
0.006237477
0.00948447
0.0076164305
0.00693959
0.010969102
0.007886261
0.011008412
0.00749892
0.008023173
0.010166764
0.0064252317
0.012983024
0.016213179
0.015516996
0.022216707
0.0204148
0.01851502
0.0055822134
0.011937737
0.027276993
0.017373502
0.014877856
0.018503904
0.009893715
0.012034327
0.0049451888
0.013345867
0.014855593
0.018989503
0.009859204
0.017605066
0.012587845
0.0200741
0.01523453
0.012946606
0.015606314
0.025170118
0.013364136
0.010489017
0.013208538
0.011995792
0.011124939
0.0122388005
0.013136685
0.011971831
0.010999262
0.015057653
0.013181329
0.014096826
0.013201386
0.020906776
0.014612526
0.016552716
0.02112481
0.011683613
0.0072169006
0.007242501
0.0061278343
0.006691277
0.006719649
0.006678045
0.006267965
0.0062748194
0.0069740713
0.009375632
0.0078777075
0.0063530803
0.0066165626
0.0053094327
0.00645867
0.0072455704
0.0054301918
0.009204239
0.0072169006
0.008241743
0.0077311397
0.0072015226
0.007316023
0.005409807
0.0087837875
0.008128762
0.008148223
0.0076366067
0.0067116916
0.0059891045
0.0058063865
0.008106619
0.00952068
0.005830437
0.0068653524
0.0064944923
0.006709218
0.0071050227
0.0076366067
0.008610219
0.0069268644
0.006639451
0.00826028
0.0067515075
0.005918443
0.005410075
0.006539345
0.0067515075
0.0068653524
0.007098049
0.005664587
0.008096546
0.011422306
0.0077411234
0.008209556
0.007824779
0.011925042
0.0072344244
0.00826028
0.00826028
0.0073556304
0.00953722
0.008292854
0.008838624
0.0077416897
0.0069512427
0.008559018
0.0073824525
0.009912223
0.009726882
0.007531613
0.0071291625
0.007335484
0.0067361593
0.010166675
0.008838624
0.010805905
0.010294288
0.008838624
0.0130777955
0.010388911
0.0132878125
0.0130777955
0.011213124
0.008939326
0.011213124
0.010770351
0.010764301
0.010764301
0.00826028
0.010942906
0.014657974
0.008586049
0.011213124
0.011250675
0.016224325
0.015610158
0.010942906
0.008234918
0.010805905
0.010805905
0.008885115
0.009245843
0.0142020285
0.0089095235
0.012283057
0.012878209
0.012454778
0.008019656
0.014877856
0.009009808
0.010398716
0.007669896
0.009386212
0.012910187
0.010060161
0.00953722
0.007919818
0.009581745
0.010805905
0.009008974
0.008805931
0.011517763
0.007057607
0.008453131
0.009485304
0.0078777075
0.00946337
0.009220153
0.0061278343
0.007166028
0.0068106353
0.029521435
0.011959672
0.008838624
0.011926979
0.008507401
0.0074755847
0.008651793
0.005797118
0.010388732
0.008140177
0.0063895583
0.00826028
0.008043319
0.0072899163
0.006841421
0.0067188144
0.00826028
0.00724411
0.00838986
0.008853406
0.0079758465
0.007283807
0.017266631
0.009713113
0.006639451
0.0063895583
0.00724411
0.0059891045
0.007749498
0.00821951
0.006752342
0.006163031
0.0067515075
0.007224828
0.00953722
0.009644479
0.007104814
0.010355949
0.0061505735
0.009140909
0.0068148077
0.008967459
0.00753057
0.008898079
0.013445258
0.016450584
0.00959897
0.012250364
0.0144765675
0.014299542
0.011401325
0.0072146356
0.02311927
0.010439575
0.013926953
0.0153416395
0.013352871
0.013738722
0.010125369
0.008450627
0.016687632
0.010371268
0.009553611
0.02543965
0.014390498
0.01707998
0.015516996
0.010875374
0.008476108
0.008285403
0.006771356
0.008464038
0.0122258365
0.011609256
0.010319561
0.008415341
0.00896737
0.0102951825
0.009245843
0.008346319
0.006730765
0.012352526
0.010069519
0.013092816
0.012979299
0.014250338
0.014250338
0.008431435
0.0076673925
0.006767869
0.007569939
0.010498226
0.009982407
0.007569939
0.007528335
0.011401325
0.007127166
0.008438408
0.008623809
0.0069138706
0.009036094
0.006627828
0.0058951974
0.00816977
0.0074366033
0.007957846
0.007961363
0.0083402395
0.0075372458
0.010166764
0.007595241
0.006848216
0.0058918
0.0052996874
0.009604007
0.0066927075
0.0065371394
0.0062772334
0.005773425
0.006321311
0.0061639845
0.008148223
0.0063105226
0.007355213
0.0068148077
0.005682528
0.007706374
0.005812049
0.0065384507
0.005156338
0.007137805
0.0057629943
0.006091267
0.0061639845
0.008790106
0.0067116916
0.0060220063
0.0061599314
0.006054282
0.015599698
0.0068852603
0.0073073804
0.0077395737
0.0064491034
0.00599882
0.0051817894
0.010296315
0.0079321265
0.008590311
0.0058597624
0.01881653
0.007899731
0.007569939
0.005664587
0.007528335
0.01023218
0.00736174
0.0071658194
0.0078777075
0.0073326826
0.0064601004
0.007421851
0.0084711015
0.008737177
0.009606689
0.015516996
0.013311595
0.012910187
0.008742273
0.009121627
0.012506098
0.011226743
0.01080066
0.012271047
0.011148661
0.0074136853
0.012438655
0.011960298
0.008772254
0.012868583
0.007754326
0.012481272
0.017687231
0.017512739
0.015516996
0.012179196
0.011411101
0.012772948
0.0074568987
0.00836283
0.012277424
0.0068392158
0.008453131
0.013295978
0.010805905
0.0108650625
0.010528833
0.011148691
0.009790748
0.008509368
0.014935434
0.009748131
0.0122282505
0.009207368
0.008136898
0.013441324
0.008446038
0.010498136
0.007508129
0.006066978
0.009858996
0.008482099
0.009762257
0.0067331195
0.009007573
0.005969614
0.008838624
0.007586658
0.007357776
0.0067361593
0.0056485534
0.00953722
0.0068525374
0.010194451
0.008702576
0.008500904
0.008619696
0.0070224702
0.007338822
0.007606715
0.0056491196
0.006737292
0.0055772364
0.0069306195
0.006059557
0.0055289865
0.0064255
0.0057649016
0.0068653524
0.00826028
0.0059424937
0.0066531897
0.004882306
0.0092662275
0.0058864653
0.0057560205
0.0062634647
0.007817507
0.0063087344
0.0049131215
0.005643636
0.006892234
0.0067188144
0.005250603
0.006219089
0.0090256035
0.007497877
0.0072651207
0.0060085356
0.006639451
0.0075054765
0.0059162974
0.009063959
0.0062340796
0.0061777234
0.0061011612
0.0075090826
0.012034625
0.012036413
0.0052072406
0.016450584
0.010704488
0.008192569
0.008147538
0.006195724
0.014205486
0.015005559
0.015516996
0.012087375
0.020798326
0.022386253
0.008351386
0.009899288
0.012896687
0.009870589
0.010599285
0.013019651
0.013808042
0.014210433
0.014257938
0.008853912
0.008626461
0.009146392
0.007988185
0.008827716
0.012979299
0.008710921
0.00935179
0.007888317
0.008365035
0.0078777075
0.007597804
0.006250769
0.006942868
0.007708609
0.008515567
0.010165155
0.01504904
0.015313923
0.01216498
0.009363294
0.0061250627
0.0054614246
0.006305039
0.006710738
0.0063101947
0.006370634
0.0060093105
0.007695198
0.00706321
0.008764863
0.0069268644
0.0063040555
0.00614053
0.009189367
0.0067732036
0.007063657
0.006121546
0.0071379542
0.007522911
0.0056886077
0.0070390105
0.009148985
0.011266261
0.014289409
0.010175824
0.010695517
0.007017851
0.010169566
0.009879202
0.008399397
0.00980553
0.0075666904
0.0120768845
0.00954777
0.0088656545
0.008125782
0.009989351
0.0073651075
0.010663092
0.009555668
0.009437889
0.010239601
0.010087103
0.009857595
0.010779977
0.014192075
0.015091002
0.06442502
0.01223892
0.012554079
0.012971312
0.015382886
0.01220715
0.011120349
0.011212051
0.013725013
0.06021729
0.01058799
0.01445803
0.0117304325
0.01163891
0.014825076
0.011778772
0.01063931
0.053989798
0.011250466
0.011971265
0.011206865
0.016165167
0.010016769
0.011003256
0.011372119
0.009208053
0.06254339
0.062281787
0.01416409
0.011874348
0.012672454
0.0119383335
0.011102438
0.008993238
0.014637381
0.015640855
0.009423107
0.01132676
0.009070247
0.011725634
0.0082270205
0.013303429
0.012464523
0.008702457
0.011741221
0.011311501
0.021804035
0.018725723
0.011937231
0.011553943
0.018888801
0.011587381
0.010918289
0.011146903
0.011587054
0.023065716
0.013740391
0.012453228
0.012840718
0.015472919
0.05564806
0.04706806
0.016785145
0.021959364
0.021975726
0.012273729
0.013357401
0.009605199
0.0071059465
0.00918299
0.008606225
0.013013184
0.013766259
0.012260824
0.011989236
0.013163805
0.016186893
0.01272741
0.00991267
0.015305221
0.009220988
0.008063525
0.010979682
0.012446523
0.010487139
0.009127021
0.022913456
0.011591107
0.017888099
0.012845933
0.011919379
0.012511134
0.012366086
0.011565357
0.01172325
0.009929925
0.008329064
0.017608225
0.010368228
0.011428595
0.012251109
0.011539847
0.011201501
0.010575891
0.012611061
0.010974765
0.011791289
0.009976
0.012784928
0.012695849
0.010114849
0.011353493
0.010194808
0.008249313
0.013421327
0.009832174
0.013088375
0.01161477
0.012006998
0.012286752
0.010950685
0.010743648
0.010642976
0.010706067
0.012138218
0.013953239
0.0089404285
0.012922555
0.012062907
0.011491209
0.011538416
0.008868486
0.027133733
0.011192918
0.02954495
0.015186787
0.007919937
0.012716889
0.012779683
0.04835266
0.013953149
0.02020821
0.01421681
0.01750496
0.015348524
0.018856794
0.014566332
0.010635614
0.0146693885
0.011635244
0.012582719
0.15924376
0.057085603
0.01780352
0.028951347
0.0123824775
0.012935728
0.011815935
0.011151284
0.015926033
0.013135612
0.018202245
0.011949301
0.008722931
0.009578526
0.01363793
0.012982905
0.010834932
0.01098609
0.011951894
0.012533635
0.011741042
0.024046391
0.014909834
0.01522997
0.0127891
0.010435641
0.01630497
0.010019034
0.008464694
0.012283057
0.010731012
0.008491248
0.05885327
0.0116916895
0.012085021
0.0090100765
0.010917008
0.010155648
0.010450125
0.009815991
0.019238263
0.010799885
0.03621474
0.013838738
0.01770407
0.013437271
0.0057926476
0.011338383
0.008813858
0.010805905
0.010805905
0.010805905
0.013216406
0.010805905
0.010805905
0.009908974
0.011213124
0.012538642
0.0151593685
0.014102936
0.015516996
0.013943791
0.014909446
0.015394896
0.013926953
0.014988184
0.0151593685
0.014421523
0.010879129
0.012843341
0.010805905
0.015516996
0.00953722
0.009708405
0.01688844
0.015516996
0.014753729
0.014988184
0.014988184
0.023556918
0.020271271
0.02093184
0.020271271
0.022386253
0.013742685
0.014250338
0.010805905
0.022830456
0.021889418
0.021889418
0.020901293
0.022130102
0.011970431
0.015516996
0.015516996
0.017896771
0.012538642
0.021889418
0.022386253
0.014988184
0.010805905
0.010507613
0.010805905
0.010227442
0.013276488
0.0081352
0.00953722
0.00877887
0.012283057
0.010369152
0.013623625
0.010805905
0.010805905
0.0068580806
0.009229451
0.00953722
0.00826028
0.00882715
0.008759797
0.00826028
0.00826028
0.00826028
0.010786444
0.00953722
0.00953722
0.007957876
0.0124179125
0.010294288
0.010805905
0.011213124
0.012303501
0.010834366
0.009025693
0.012013257
0.012910187
0.013495296
0.025946707
0.030967057
0.026198447
0.022386253
0.014250338
0.022549987
0.021730334
0.014988184
0.012505949
0.02058044
0.018264472
0.013276488
0.014439136
0.023453176
0.04312399
0.016113639
0.012910187
0.014988184
0.03845963
0.015891701
0.015516996
0.0121457875
0.015516996
0.02995056
0.013058782
0.01359725
0.014164001
0.032283485
0.015516996
0.014775813
0.012910187
0.01000005
0.0194754
0.013682127
0.014316112
0.014988184
0.012564421
0.012372017
0.015121251
0.010773212
0.00826028
0.011811584
0.007767886
0.008296728
0.006639451
0.00770545
0.006349236
0.010398716
0.0067515075
0.016526908
0.005259931
0.007828057
0.0067515075
0.006639451
0.008208364
0.0066067576
0.009229451
0.008188009
0.008838624
0.012267053
0.014197588
0.012283057
0.012206316
0.012910187
0.012910187
0.011385798
0.009716719
0.011484832
0.010588944
0.011158973
0.011959672
0.012045413
0.0136035085
0.014647752
0.01069504
0.0074770153
0.011641681
0.009009808
0.008601755
0.010753155
0.012460738
0.0066660643
0.009314328
0.009008974
0.011844218
0.007569939
0.007993668
0.0075636804
0.0092660785
0.0066772103
0.010665059
0.011092752
0.010811329
0.010470867
0.011351615
0.008841783
0.01057145
0.010978669
0.010701507
0.010493636
0.009553611
0.014316112
0.010266066
0.009245843
0.013250142
0.0069257915
0.012398571
0.013578266
0.01036638
0.012633115
0.013673902
0.019969106
0.019212037
0.0136114955
0.010573983
0.014349043
0.014219552
0.014988184
0.014969468
0.012230307
0.012319833
0.014155984
0.010942906
0.021889418
0.012633115
0.014250338
0.013738722
0.012013495
0.014188141
0.012590826
0.015516996
0.01414445
0.014217645
0.008838624
0.010764301
0.012933642
0.014434963
0.011959672
0.010764301
0.0058381855
0.008124173
0.009204239
0.008805931
0.007325083
0.010298759
0.013174802
0.0069268644
0.0067515075
0.008148223
0.0068653524
0.0065761805
0.008826703
0.012235999
0.012142718
0.013682127
0.009245843
0.010777086
0.01606971
0.011213124
0.011213124
0.010805905
0.012910187
0.010901302
0.010701507
0.009553611
0.009861648
0.010805905
0.007986963
0.010473698
0.008457333
0.011993974
0.011232287
0.010778636
0.010230988
0.010805905
0.008805931
0.007612437
0.007770121
0.008296728
0.0067515075
0.0068351626
0.010166764
0.00826028
0.00826028
0.0067373216
0.008629382
0.00824222
0.009009808
0.010805905
0.008744597
0.010805905
0.009245843
0.017939448
0.016263604
0.021889418
0.01707998
0.014346212
0.016904622
0.009193093
0.020574033
0.014205486
0.016904622
0.015604645
0.015227586
0.014692485
0.02365011
0.017098635
0.012709826
0.04944673
0.016849041
0.012910187
0.023855776
0.02344668
0.020411342
0.011772454
0.015516996
0.012910187
0.011282593
0.011213124
0.014815271
0.014814138
0.012437671
0.012160689
0.012444466
0.014216334
0.012910187
0.011418283
0.010706037
0.008373737
0.016737968
0.011705697
0.01896727
0.019622207
0.016279131
0.022386253
0.009716719
0.009386212
0.009245843
0.010873646
0.008497357
0.013232261
0.013081372
0.0103574395
0.012868583
0.012910187
0.010910213
0.011000425
0.012840927
0.012283057
0.012164116
0.012910187
0.009816885
0.010942906
0.009435475
0.01054129
0.011213124
0.011213124
0.008958638
0.00953722
0.007569939
0.009553611
0.010805905
0.007528335
0.010218531
0.010294288
0.0076673925
0.008838624
0.013216406
0.010805905
0.010805905
0.010805905
0.008292854
0.007728517
0.009298921
0.008571267
0.008398503
0.01755473
0.01568818
0.016904622
0.018553019
0.021464556
0.019923657
0.016447276
0.026001424
0.027630508
0.013146102
0.023143262
0.016917229
0.012901008
0.019186288
0.011774033
0.010080218
0.012732595
0.013824791
0.01568818
0.013148427
0.013853312
0.0153416395
0.017911702
0.0184277
0.015160203
0.018871993
0.014697969
0.018503904
0.015726298
0.018903702
0.016055405
0.01608643
0.014330089
0.019940048
0.014877856
0.015199155
0.011384308
0.010166764
0.009093642
0.008634776
0.014988184
0.008734226
0.019814998
0.01494658
0.0132878125
0.01318863
0.012046516
0.015516996
0.014250338
0.010196954
0.01117152
0.023863345
0.02616015
0.013661563
0.011213124
0.015516996
0.015516996
0.015516996
0.013328671
0.014988184
0.015484303
0.013287067
0.014988184
0.016814768
0.015516996
0.01306057
0.015516996
0.014877856
0.013682127
0.015121251
0.02190584
0.014771879
0.014988184
0.011959672
0.010739058
0.021889418
0.014988184
0.013020903
0.014794022
0.014935434
0.018269688
0.011345983
0.008656681
0.013020903
0.014250338
0.012032986
0.017397434
0.009245843
0.006883323
0.00953722
0.01892376
0.011828005
0.01298821
0.019334823
0.018547028
0.01274243
0.013356537
0.022386253
0.014627188
0.014388233
0.014344364
0.012910187
0.009553611
0.0144765675
0.014250338
0.009417027
0.008307308
0.011250675
0.011384308
0.010748833
0.017792255
0.013926953
0.016906887
0.014845163
0.01568818
0.011351615
0.0106957555
0.010616362
0.009568542
0.006272912
0.011213124
0.010294288
0.012283057
0.007653147
0.008560151
0.011846751
0.014217645
0.010805905
0.0117714405
0.007196814
0.009146392
0.009335607
0.0090256035
0.009586692
0.02143383
0.026482642
0.021069765
0.01500538
0.012283057
0.014170706
0.019131064
0.023986936
0.021889418
0.020465106
0.02143538
0.014692485
0.012394041
0.016904622
0.016064793
0.014988184
0.030295491
0.026557207
0.013682127
0.015720516
0.018987745
0.015516996
0.014711112
0.013853312
0.03080234
0.026767194
0.01863882
0.02197659
0.011789501
0.022747785
0.0130060315
0.016998231
0.035960913
0.07415855
0.022320598
0.025759816
0.026251227
0.018641293
0.02077657
0.019972503
0.026865542
0.022984385
0.022534847
0.017226696
0.022292942
0.02654329
0.014988452
0.022615016
0.026376635
0.016667753
0.020890921
0.018761039
0.015622795
0.016103178
0.02555719
0.021889418
0.016976058
0.021889418
0.02616015
0.028611928
0.0072031617
0.011276513
0.012372017
0.01398319
0.010805905
0.010805905
0.010805905
0.008509368
0.010805905
0.010805905
0.010764301
0.008838624
0.007947177
0.007569939
0.009229451
0.008297205
0.009204239
0.012910187
0.018508613
0.01145494
0.012590826
0.012272418
0.013499856
0.01919213
0.009716719
0.014421523
0.013578266
0.012144417
0.013020903
0.013192087
0.01708424
0.010415971
0.012118071
0.01282081
0.013781011
0.013499856
0.014902741
0.014988184
0.014316112
0.012348831
0.016248792
0.014988184
0.014346212
0.014250338
0.014988184
0.014197588
0.013295978
0.012267441
0.014988184
0.014900506
0.014770299
0.012352794
0.012207717
0.013003498
0.010805905
0.007113397
0.012910187
0.010805905
0.021889418
0.012161583
0.012691647
0.019962192
0.014250338
0.014250338
0.010166764
0.023248106
0.025991946
0.009495616
0.01494658
0.014349043
0.013860911
0.01280874
0.014935434
0.014988184
0.012691647
0.014609635
0.021889418
0.014988184
0.012950122
0.014316112
0.013857484
0.015516996
0.012454778
0.013328671
0.013345957
0.009371102
0.012267441
0.021393776
0.015516996
0.014988184
0.013738722
0.014056176
0.013885349
0.010657638
0.012435436
0.013020903
0.014988184
0.014319807
0.010773212
0.007127166
0.008601755
0.007612437
0.0067515075
0.012500167
0.0076858997
0.012588918
0.014250338
0.016786069
0.017244548
0.017424554
0.008918047
0.008590311
0.0075282454
0.007188618
0.008431435
0.00877887
0.011258632
0.006756842
0.008602738
0.0077638626
0.008124173
0.008898079
0.007366091
0.012753874
0.0084940195
0.010251224
0.01036641
0.007705927
0.009891987
0.009430498
0.0066155493
0.0066336095
0.00953722
0.00826028
0.008084923
0.005838901
0.00624758
0.010310143
0.009459734
0.010764301
0.009146392
0.007827848
0.0078777075
0.010758936
0.0066542625
0.007366091
0.0073786974
0.009504527
0.0130777955
0.0109736025
0.02049017
0.01434651
0.012420416
0.01267305
0.014988184
0.011553407
0.0015810728
0.026865542
0.011920273
0.013682127
0.01800692
0.014071971
0.013091892
0.010942906
0.014978379
0.012283057
0.025987595
0.025252193
0.014988184
0.015626132
0.015069276
0.010316193
0.013484806
0.010294288
0.015683442
0.017480403
0.018273085
0.013548762
0.012867391
0.015310258
0.014102936
0.0123975575
0.013328671
0.01686576
0.032092124
0.015516996
0.013889402
0.022278994
0.013424516
0.016993046
0.013187498
0.013000667
0.013328671
0.01568818
0.017249972
0.014988184
0.017882645
0.015057653
0.016167104
0.012320578
0.014349043
0.01315397
0.018402755
0.015069276
0.014988184
0.012207478
0.013306558
0.012140363
0.014988184
0.013328671
0.014388233
0.014762282
0.006978452
0.0143971145
0.010267019
0.014015883
0.015442729
0.019096673
0.014349043
0.014283419
0.014349043
0.014988184
0.014988184
0.015121251
0.019547403
0.01971975
0.014988184
0.015178144
0.012886554
0.020626783
0.015516996
0.021453887
0.01504904
0.0093841255
0.018526375
0.016717255
0.016062677
0.014460921
0.02036938
0.02927339
0.11601958
0.017142683
0.019164473
0.020475566
0.025582671
0.020901293
0.015871793
0.02526331
0.035315514
0.060099334
0.019154012
0.014658898
0.02408573
0.024059355
0.021889418
0.021714061
0.025446504
0.019257784
0.023430854
0.021941692
0.020271271
0.015516996
0.020218521
0.022539526
0.01500538
0.023102283
0.029482394
0.015121251
0.014955491
0.021889418
0.019450992
0.02143538
0.021889418
0.029297382
0.021970123
0.017632186
0.022386253
0.021889418
0.013656646
0.022757083
0.017208576
0.034647435
0.021889418
0.021889418
0.015178144
0.021889418
0.021346033
0.01568818
0.015516996
0.018503904
0.019101858
0.033640742
0.012326598
0.015453726
0.074569434
0.04047975
0.026176125
0.023599714
0.02423039
0.017380118
0.02008164
0.015516996
0.018788874
0.013926953
0.014250338
0.011213124
0.014877856
0.014988184
0.022789776
0.015516996
0.01568818
0.019670516
0.025191963
0.021889418
0.022292942
0.011384308
0.010701507
0.013447672
0.01483506
0.014340073
0.013940573
0.014988184
0.013447672
0.01568818
0.013957441
0.014680415
0.014988184
0.027686238
0.016024083
0.0151129365
0.011188149
0.012350023
0.014457703
0.019181639
0.021483153
0.018828303
0.02365011
0.017831743
0.023615152
0.025674284
0.022386253
0.019749433
0.02303636
0.019951463
0.022386253
0.018826872
0.015516996
0.01543957
0.02386558
0.029210836
0.024234712
0.026628375
0.01601398
0.020736009
0.014988184
0.015516996
0.015381098
0.015891701
0.015516996
0.014797509
0.019348174
0.011838824
0.014626205
0.015516996
0.022386253
0.02005437
0.024234712
0.021970123
0.01296252
0.014691442
0.015516996
0.015007436
0.014769703
0.015516996
0.020175397
0.020569116
0.01493898
0.022386253
0.012715369
0.018292516
0.013682127
0.014500827
0.013433129
0.015484303
0.01568818
0.02453515
0.02631402
0.009847581
0.012539178
0.013253838
0.011329919
0.007154405
0.0083527565
0.008098334
0.0067686737
0.008826047
0.008327007
0.008445859
0.010731608
0.008600116
0.007421851
0.008158982
0.009386271
0.008979619
0.008023471
0.007881761
0.006969571
0.0091204345
0.008525223
0.007848054
0.007032126
0.010354936
0.063740015
0.011341423
0.012618691
0.012978315
0.010942906
0.012767136
0.01202929
0.012751341
0.009824991
0.0078007877
0.009517282
0.012753755
0.013234168
0.011642069
0.015715718
0.011849999
0.013749093
0.15015861
0.0121690035
0.010434985
0.01600486
0.11215109
0.015265822
0.012741059
0.034650177
0.011527896
0.011487216
0.014563888
0.009337157
0.009471923
0.013973266
0.010860831
0.012200534
0.008923054
0.011180997
0.012872815
0.017776549
0.012466967
0.008714408
0.012425393
0.008152872
0.013292521
0.010753155
0.010079116
0.010541111
0.010731608
0.017132282
0.019561827
0.008737981
0.011440128
0.021069765
0.012802422
0.013749093
0.013522387
0.012368202
0.014194131
0.013261557
0.0106476545
0.014397442
0.015646577
0.012032181
0.012334704
0.018043429
0.014412254
0.022195816
0.017503947
0.01604718
0.02357614
0.009666353
0.009264082
0.013282239
0.009159714
0.015332103
0.009227872
0.007746011
0.008929759
0.013567716
0.0073203743
0.007954538
0.011030734
0.008529305
0.010104299
0.006949365
0.0085271895
0.010046005
0.00656721
0.013980567
0.020009547
0.011714309
0.012118429
0.011524618
0.0114373565
0.012979299
0.010137618
0.008813858
0.008535385
0.0075508356
0.009231687
0.009008974
0.007591933
0.0067279637
0.008389592
0.007888943
0.008272439
0.010977089
0.008950502
0.008638024
0.0073948503
0.011611402
0.009707123
0.011730403
0.0083857775
0.007327348
0.007737845
0.009132028
0.0077982545
0.010398716
0.008027077
0.006238699
0.00781548
0.008395851
0.006105125
0.0070583224
0.007302791
0.00879702
0.008406639
0.008085996
0.006963223
0.008671224
0.008436829
0.010805905
0.00583753
0.021398813
0.018152237
0.015516996
0.01113072
0.01954469
0.02741015
0.0067662
0.0374282
0.007221073
0.01707998
0.018866658
0.015827775
0.015614063
0.0143761635
0.010915816
0.012278229
0.016024679
0.015807658
0.011771947
0.0136832
0.013057679
0.01684311
0.012437493
0.015516996
0.010467321
0.018499047
0.008543402
0.0068578124
0.011670202
0.011713177
0.013287991
0.0123411715
0.011844337
0.013900876
0.011824429
0.00895381
0.009175539
0.017142415
0.009344161
0.013627052
0.016525835
0.012958348
0.013938159
0.0086862445
0.009042084
0.0074925125
0.00814116
0.011457473
0.008838624
0.007728517
0.00879702
0.008538157
0.012979299
0.008838624
0.008269429
0.008033276
0.0078852475
0.008134097
0.008233309
0.0071903765
0.007876992
0.008354247
0.008170396
0.008392006
0.0096977055
0.012839645
0.007975608
0.006368816
0.005793512
0.0068044662
0.00826028
0.009094447
0.008496553
0.006857425
0.008556008
0.0054537654
0.008240819
0.0068941712
0.006482154
0.007754326
0.009768099
0.00733763
0.006999314
0.0070163608
0.0067515075
0.008274794
0.008148223
0.00770545
0.008684278
0.006639451
0.0076366067
0.0075090826
0.0061757863
0.005622238
0.0055101216
0.0061178505
0.0066303313
0.0061293244
0.006850511
0.006903231
0.010130048
0.0062476993
0.005947262
0.0061338544
0.0064621866
0.005844176
0.0059103966
0.0066660643
0.0058767498
0.006425321
0.0076959133
0.00610736
0.007344067
0.0077504814
0.00826028
0.00826028
0.008366197
0.0070583224
0.0077928305
0.006742567
0.008098066
0.010573983
0.011318922
0.007817477
0.007941693
0.010393739
0.008576989
0.01417318
0.008812964
0.0066559613
0.009950489
0.009659827
0.011213124
0.009785116
0.011213124
0.009269834
0.00852105
0.019814998
0.013572216
0.014211863
0.0086711645
0.012519658
0.007303983
0.010002971
0.010044575
0.008163631
0.010324597
0.010252684
0.010805905
0.017175794
0.011342704
0.008090138
0.010465831
0.007908046
0.012205899
0.0107755065
0.010841429
0.010958195
0.011193663
0.008838624
0.012438655
0.0141429305
0.013866037
0.008967489
0.010363758
0.006239891
0.0076006353
0.008921742
0.008126229
0.0068253875
0.008601755
0.0090256035
0.0066987574
0.008148223
0.006427288
0.0065401793
0.007854581
0.011395037
0.008272499
0.011708945
0.008476108
0.009492278
0.010805905
0.0068643987
0.008721262
0.00882715
0.006415248
0.0067515075
0.0068767667
0.00826028
0.0065475106
0.006305039
0.008385539
0.0072079897
0.00826028
0.0074130595
0.0068877637
0.006324321
0.008272439
0.008432627
0.0070686936
0.008051276
0.0075733066
0.008080304
0.0071310103
0.007187426
0.008148223
0.0063105226
0.00670892
0.006261587
0.0071686506
0.00650844
0.007819146
0.0068148077
0.0067532957
0.0062760413
0.007871151
0.0079853535
0.0074366033
0.0059064627
0.006639451
0.008148223
0.013682127
0.013649434
0.015121251
0.017730087
0.016753882
0.0069268644
0.012557685
0.013562351
0.013655305
0.017730087
0.019946039
0.018914163
0.008838624
0.023163944
0.019919127
0.007845014
0.014734238
0.011980683
0.016167104
0.015626132
0.014441133
0.010805905
0.010528833
0.009453416
0.007981569
0.014988184
0.014680415
0.014955491
0.011198223
0.013020903
0.012205899
0.00827685
0.008668393
0.0093230605
0.0106674135
0.00967297
0.020606011
0.019610614
0.017461002
0.006382823
0.00660342
0.007404268
0.0068941712
0.00826028
0.008261114
0.00826028
0.0064660907
0.007845014
0.010386199
0.007983208
0.0076426268
0.00725314
0.007408142
0.0077486634
0.0076366067
0.006308824
0.008217752
0.0065077543
0.0068840683
0.007807672
0.00954777
0.006990999
0.0090256035
0.009196788
0.009229451
0.008366197
0.006709218
0.009658903
0.006326437
0.0074902177
0.00953722
0.0060147345
0.007357776
0.009606689
0.009343296
0.0069922805
0.0063101947
0.00826028
0.00826028
0.00909704
0.011625081
0.007569939
0.00953722
0.009260148
0.0072074234
0.00953722
0.00953722
0.00953722
0.00953722
0.009858578
0.01156792
0.010124832
0.0124029815
0.011923343
0.011565059
0.01106891
0.0066156983
0.011959672
0.016035378
0.011072487
0.010682106
0.009375423
0.009204239
0.011213124
0.012283057
0.009204239
0.009512007
0.009204239
0.011160374
0.0074366033
0.010546535
0.010585815
0.011343837
0.011851072
0.016857624
0.011844397
0.008771032
0.009808838
0.008818716
0.008734226
0.010230184
0.011213124
0.011918068
0.012727678
0.010701507
0.012352824
0.010196954
0.012398571
0.008838624
0.011213124
0.009504527
0.018096447
0.019370079
0.011798322
0.012873113
0.005916357
0.012910187
0.009553611
0.010857463
0.010745168
0.010261595
0.008057445
0.014955491
0.010805905
0.010005355
0.009610027
0.010017216
0.010241538
0.008651495
0.01280874
0.010196954
0.011213124
0.010294378
0.010374039
0.013817757
0.012588918
0.009789735
0.010528833
0.00816977
0.010363132
0.0073322356
0.0070206225
0.00953722
0.008327007
0.0071379542
0.008967549
0.00953722
0.007456094
0.007569939
0.011566192
0.008898079
0.0061832666
0.0068439245
0.010875374
0.008634776
0.0069922805
0.007972866
0.009687275
0.0066067576
0.008148223
0.0107828975
0.006053537
0.008148223
0.0068746805
0.007590711
0.0071318448
0.008446366
0.008413672
0.006752342
0.005364418
0.0067188144
0.0067188144
0.0074366033
0.008261114
0.009106725
0.0077011585
0.006761074
0.008399606
0.008898079
0.007698685
0.007569939
0.0075090826
0.0063203573
0.008261114
0.008148223
0.00826028
0.006639451
0.008148223
0.0070497096
0.007643461
0.0064044893
0.0069643855
0.014468133
0.013682127
0.015516996
0.013461739
0.012681752
0.0070052743
0.014955491
0.015516996
0.014154613
0.011460543
0.014199495
0.013682127
0.014111161
0.0075180233
0.009063989
0.014185458
0.012205899
0.016990036
0.027436346
0.017218202
0.024499774
0.012737602
0.008327007
0.010805905
0.009146392
0.0071198046
0.00787729
0.013929099
0.011659712
0.0084185
0.010868609
0.009639472
0.009519279
0.008406639
0.008992076
0.008838624
0.011095285
0.009645671
0.009297907
0.012494564
0.014988184
0.008719832
0.008560151
0.0077689886
0.0073381364
0.012671173
0.009343922
0.007528335
0.007357776
0.008838624
0.011127979
0.011310011
0.010805905
0.008838624
0.008748531
0.009553939
0.009260148
0.00953722
0.0084593
0.009095073
0.00879702
0.00953722
0.008898079
0.010012805
0.011734575
0.005179733
0.007662177
0.0070994794
0.008002877
0.0060489774
0.008582354
0.0066612363
0.005787283
0.0050129294
0.0060217977
0.0061966777
0.010989308
0.0062559843
0.006562263
0.005984515
0.006122023
0.0067578554
0.0056792498
0.005381465
0.006745547
0.0072966814
0.0055010617
0.0065978467
0.0060071647
0.006575495
0.0062685907
0.005732
0.0064128637
0.0060150027
0.006313443
0.0058262944
0.01507926
0.005048394
0.0065978467
0.010041654
0.0075090826
0.006268561
0.006355077
0.006165862
0.0057468414
0.006678045
0.007608056
0.0054651797
0.005650848
0.0060550272
0.0061910152
0.0068979263
0.0059336424
0.0076737106
0.007405162
0.0056813657
0.006014377
0.0056458414
0.006964922
0.0058398545
0.010294288
0.007418841
0.015233129
0.0055893958
0.008059889
0.00994432
0.013504267
0.007445723
0.010272145
0.00947997
0.006053239
0.009851515
0.0086554885
0.009052843
0.0072389543
0.007342249
0.025991946
0.013749093
0.0070904493
0.0089839995
0.008813858
0.007672429
0.009477109
0.008591503
0.008813828
0.008726329
0.0066434145
0.0075095594
0.012087524
0.009669036
0.014369369
0.008623779
0.008041143
0.006912768
0.008111298
0.011936218
0.010592282
0.011697531
0.0076588094
0.008402556
0.007255614
0.0063195527
0.009350061
0.008521378
0.0074596703
0.009023339
0.0073141456
0.008304685
0.006235212
0.006878495
0.0060290694
0.006770283
0.0090124905
0.0052027106
0.006334752
0.005943328
0.0069619715
0.007549256
0.008783966
0.006267369
0.007287383
0.008155614
0.008906484
0.006080985
0.006025672
0.0060277283
0.005657822
0.0061198175
0.008228421
0.007749498
0.007707894
0.0076219738
0.006678045
0.0067505836
0.009821624
0.0067390203
0.006563455
0.0059517324
0.008788645
0.0073069036
0.0061119795
0.006532967
0.0067694783
0.0051606297
0.0068340003
0.0054968596
0.008898079
0.0057092607
0.0054728985
0.010202289
0.0055167377
0.0062073767
0.006813377
0.006485194
0.007318616
0.0048220456
0.006261587
0.00866878
0.0069021285
0.00698936
0.009345233
0.005617112
0.014418513
0.01261875
0.021481961
0.019814998
0.022386253
0.011055768
0.0062300563
0.006029874
0.0115861595
0.0116687715
0.007104814
0.008082151
0.013234168
0.007770121
0.01001215
0.0056691766
0.0048748553
0.011738569
0.008294314
0.044151545
0.033676445
0.01618293
0.006599456
0.008455306
0.007177949
0.00712654
0.0058681965
0.005993247
0.012979299
0.008154064
0.010528833
0.008332342
0.006417334
0.0065560043
0.0062685907
0.007170975
0.004898578
0.008675873
0.0068135858
-0.0044031143
0.009465933
0.010013282
0.007845521
0.0060862303
0.0053628683
0.006563902
0.0056173205
0.0071569085
0.00652954
0.00645411
0.006710738
0.0065691173
0.005205065
0.008182049
0.006491363
0.0054312944
0.0055463314
0.0062407255
0.0066859424
0.0055167675
0.0059922338
0.006109953
0.006267965
0.005608052
0.006955743
0.007386774
0.0062152147
0.005800545
0.0058767498
0.0071685314
0.0065202415
0.007831156
0.006596893
0.0057694614
0.009937555
0.009768426
0.005480379
0.006709218
0.005172968
0.0054656863
0.006427288
0.006258011
0.005764693
0.0064311028
0.004757315
0.0059060156
0.0059027374
0.0059057474
0.004969567
0.0058425963
0.007376075
0.0060253143
0.007595688
0.006254345
0.006207466
0.0061278343
0.0054235756
0.0063026547
0.0067188144
0.007329464
0.0062080324
0.0055379868
0.0062170327
0.008319408
0.00594005
0.0063917637
0.0067099035
0.0062775016
0.0061451495
0.006200075
0.006996542
0.005548209
0.0059328675
0.00526309
0.006226957
0.0062689185
0.008721918
0.007393837
0.0071903467
0.0063722134
0.006385684
0.013477117
0.013234168
0.011856645
0.012274474
0.009517491
0.013425499
0.012335151
0.011942327
0.012789756
0.0059759915
0.0058887303
0.013926953
0.007935256
0.007988006
0.0075090826
0.005830437
0.011558771
0.011672467
0.012611121
0.012467682
0.011949271
0.009135872
0.011501908
0.0084016025
0.009429485
0.007676482
0.010912657
0.007317275
0.013234407
0.009748131
0.0113889575
0.009889692
0.008164406
0.008954585
0.007569939
0.016290069
0.010485113
0.01045084
0.007944167
0.007402867
0.011050433
0.012038201
0.008728713
0.00913775
0.006586969
0.009229451
0.005677998
0.0068326592
0.005431503
0.008059651
0.0057993233
0.0062080324
0.006103605
0.00624609
0.010199726
0.008595616
0.0062080324
0.009310901
0.009267271
0.0067413747
0.007158488
0.007994175
0.008309871
0.0068106353
0.0059377253
0.0066541433
0.004775226
0.0062787533
0.005415112
0.010053277
0.005920559
0.0052725077
0.0061825216
0.0105808675
0.008200049
0.0059958696
0.006256819
0.007951349
0.00977087
0.0062760413
0.0066433847
0.0064620376
0.0066316426
0.006752342
0.005382538
0.006699592
0.0063203573
0.0067206025
0.0063124
0.005515635
0.0060011446
0.0061278343
0.006195724
0.007138014
0.00580588
0.0062814057
0.006752342
0.005686313
0.0053797364
0.009539843
0.007992566
0.005701512
0.011489123
0.012464374
0.013470292
0.015389353
0.0121587515
0.011874467
0.007371992
0.0165101
0.017890632
0.013121277
0.020350397
0.014713973
0.019366264
0.017970711
0.012802422
0.0061832666
0.016857266
0.017592669
0.0119256675
0.023450732
0.013580769
0.012698591
0.009828925
0.01089561
0.008867949
0.009704977
0.007352948
0.00917986
0.0129136145
0.013882518
0.0095484555
0.0062510073
0.0074293017
0.00879702
0.0055879056
0.0062193274
0.0066782236
0.017146438
0.005666733
0.04885173
0.013682127
0.013682127
0.013379723
0.006856948
0.0071215034
0.00640133
0.009103119
0.006410688
0.006752342
0.006385684
0.006023109
0.006232202
0.006060809
0.007199317
0.0057018697
0.0059155226
0.0060593784
0.008315116
0.0058303177
0.006851077
0.0063485205
0.0064225793
0.007160306
0.0060429275
0.006496817
0.006695181
0.004983574
0.0077068806
0.0056803226
0.007913321
0.0071424246
0.00697127
0.0050692856
0.005987197
0.0061876476
0.016356498
0.010322422
0.011912137
0.0049565434
0.0061563253
0.007569939
0.005268842
0.007591367
0.0058366656
0.005800009
0.0052880943
0.007056892
0.0061550736
0.006787449
0.009952903
0.008666992
0.0069622397
0.008309394
0.0076271296
0.0060086846
0.0069774985
0.006852567
0.006881982
0.0070663095
0.006860465
0.010193169
0.008426189
0.0066772103
0.0060082674
0.0071695447
0.006284833
0.006434649
0.005533546
0.0065978467
0.0071176887
0.0071151853
0.006142527
0.0061484575
0.006151378
0.0076352656
0.0053584576
0.006482452
0.0071696937
0.006527871
0.0068877637
0.005622983
0.01480183
0.009987742
0.017206341
0.008330166
0.010874093
0.0073079467
0.013556242
0.0088844
0.008436829
0.0064067245
0.0068381727
0.010166764
0.0090256035
0.007566184
0.007408738
0.008147746
0.014114708
0.014569402
0.009008586
0.010128915
0.009353638
0.012166649
0.011202604
0.012687951
0.008155793
0.0065670907
0.009553939
0.008993417
0.009513736
0.007980406
0.011967599
0.011180431
0.0122511685
0.011915535
0.0064091384
0.015665025
0.011081278
0.008809447
0.010553479
0.009265274
0.010198414
0.008772105
0.007886291
0.0072194636
0.007065773
0.008867651
0.007801622
0.009474486
0.0054982603
0.0065597296
0.005900711
0.0056229234
0.006270528
0.0052021146
0.0062656403
0.008296341
0.008455455
0.007083595
0.0077299774
0.008140713
0.008960187
0.007965475
0.007820129
0.0060714483
0.0052781105
0.0059534907
0.0049402714
0.007204056
0.005676478
0.005477488
0.0061098635
0.0054920614
0.006699592
0.006097406
0.005510241
0.006502092
0.005752504
0.006485939
0.006165594
0.0058245063
0.007740557
0.007977873
0.0047373176
0.005732715
0.0074985325
0.0057429373
0.0075090826
0.0066339076
0.009442389
0.007957846
0.0064288974
0.005227834
0.006870836
0.0060678124
0.007219225
0.005994588
0.0059529543
0.007627636
0.005628586
0.0063005686
0.008407384
0.009035945
0.012228936
0.008344859
0.022333503
0.012188703
0.011749953
0.016881496
0.011193544
0.016411662
0.013095051
0.013855219
0.012172818
0.007606864
0.008782238
0.008291453
0.013007849
0.009939045
0.013675511
0.0113170445
0.009927958
0.016986072
0.019392103
0.014522046
0.008406639
0.008950889
0.008660287
0.0066482127
0.0053786337
0.0070314407
0.009423465
0.008423716
0.007011771
0.0058030486
0.0061064065
0.0067315996
0.006823659
0.0059106946
0.007089168
0.009744823
0.0066903234
0.049854785
0.013401419
0.0067206025
0.007905215
0.007089168
0.0072622
0.006801963
0.005742073
0.0070440173
0.0061966777
0.005934
0.006520897
0.0058349073
0.0051907897
0.008276403
0.005745232
0.0059856772
0.0060072243
0.009236276
0.0068497956
0.0048823357
0.0053826272
0.0060245097
0.005483657
0.005153656
0.0064531863
0.007963866
0.009062916
0.014988184
0.009113699
0.010499209
0.010588437
0.012652934
0.010311902
0.008585691
0.0076130927
0.010942906
0.008627653
0.011112064
0.0072980523
0.009151489
0.012332469
0.008567482
0.009807944
0.011213124
0.009577334
0.006696701
0.012784511
0.012612015
0.012241453
0.009609461
0.010990649
0.012241453
0.014024138
0.011254251
0.009053826
0.010189176
0.012134492
0.012224227
0.014612824
0.013379723
0.011712462
0.0119668245
0.015836567
0.012899607
0.012619615
0.011874676
0.014388233
0.011486679
0.014598727
0.011911571
0.03597179
0.013386071
0.021282762
0.019054383
0.015187174
0.026789159
0.013379097
0.0120951235
0.014646441
0.0135138035
0.013142347
0.014487296
0.011349618
0.020837873
0.014694899
0.012953162
0.011144996
0.013042152
0.008844048
0.010166764
0.01249209
0.009193093
0.012910187
0.012910187
0.011213124
0.012939125
0.0088098645
0.01547125
0.02947855
0.008315533
0.009041995
0.01390025
0.013779998
0.012572795
0.010068029
0.012790054
0.013806552
0.011630416
0.012027025
0.013166159
0.012884796
0.012530267
0.014316112
0.012209922
0.014388233
0.018911034
0.033881098
0.011638373
0.009245455
0.010868669
0.011213124
0.020626783
0.015499145
0.014316112
0.010498136
0.007558048
0.007841468
0.008164853
0.00721997
0.006701201
0.013020903
0.006253183
0.008104622
0.0065559745
0.007755667
0.011065215
0.00769189
0.008936226
0.012010694
0.011846274
0.013883203
0.011301279
0.012491018
0.010864317
0.008885592
0.009162843
0.0072261393
0.0077425838
0.007013321
0.00953722
0.007569939
0.011289448
0.00816083
0.007553965
0.0070435405
0.010805905
0.0090256035
0.007886797
0.008628964
0.00966379
0.00921315
0.011384308
0.010915309
0.010363132
0.008717924
0.010166764
0.008282006
0.010260135
0.008035153
0.008477926
0.007403344
0.008327007
0.0098252
0.0073794425
0.008567929
0.011959672
0.00840804
0.012011707
0.010589123
0.010194629
0.010371417
0.010363758
0.012027025
0.051881164
0.0264332
0.020594925
0.015972108
0.013242066
0.021889418
0.023356706
0.022210896
0.01640296
0.017227918
0.017106324
0.015327752
0.011599153
0.014830202
0.013733029
0.013820618
0.012768209
0.010840207
0.012896359
0.038772613
0.018251836
0.027746826
0.013043463
0.015803456
0.01137805
0.010850787
0.008608967
0.012499452
0.018252075
0.0094257
0.013571233
0.011791527
0.011704743
0.0125117
0.010789305
0.012241453
0.012396067
0.015378207
0.014423817
0.0148977935
0.015575469
0.013678402
0.012343049
0.010200292
0.008061469
0.007986218
0.009009808
0.007283479
0.00828436
0.008672804
0.00879702
0.0086711645
0.016727984
0.0112351775
0.010764301
0.011351973
0.008190304
0.008116037
0.007268548
0.008802444
0.0061514378
0.008436829
0.009199768
0.008772463
0.010933906
0.011662394
0.008510172
0.0061508715
0.00682956
0.0074979067
0.0062356293
0.0081189275
0.0059836805
0.009796619
0.0075040758
0.0066067576
0.005685061
0.007831156
0.00508067
0.0052452385
0.006207466
0.005830437
0.006484002
0.005774975
0.005650848
0.014946252
0.007406682
0.006910175
0.0055292547
0.0074240267
0.010740519
0.011475176
0.015206009
0.013951182
0.007609248
0.007944047
0.007404119
0.011935264
0.008719504
0.008695722
0.00679636
0.0053454638
0.008925766
0.012858748
0.0098176
0.015705943
0.0077982545
0.010252774
0.008813858
0.008091122
0.009871393
0.013036191
0.012979299
0.012029201
0.009019047
0.011345834
0.011858851
0.0083346665
0.008569002
0.008499831
0.0068290234
0.0131705105
0.013699979
0.014179945
0.012149841
0.010653019
0.010271162
0.014493287
0.008828372
0.008531928
0.0075523555
0.009305358
0.013680667
0.011932671
0.009300381
0.0065487623
0.006914288
0.012840539
0.027671188
0.014500827
0.013472319
0.013908386
0.014482945
0.013630509
0.011190772
0.012022316
0.009932548
0.008046329
0.008066386
0.013346642
0.011910737
0.007351637
0.0122155845
0.015279859
0.010315895
0.008838624
0.016967475
0.024787813
0.009344369
0.009345412
0.014989346
0.0125801265
0.012722105
0.012408644
0.011848271
0.007166922
0.009583771
0.0065145195
0.0065695047
0.00891909
0.0117480755
0.008183688
0.007064879
0.008954585
0.00639537
0.008894801
0.0079135895
0.0093714
0.009416074
0.009661943
0.011307597
0.0077958405
0.008081883
0.01053533
0.0076580644
0.006946832
0.008483171
0.006760925
0.006219387
0.006195873
0.008463472
0.006644696
0.010232866
0.006393224
0.0071959198
0.009437263
0.006797701
0.010077596
0.0074003637
0.00896737
0.009135932
0.008930773
0.00906834
0.0072917044
0.0078071356
0.0072074234
0.0070423484
0.007211417
0.0062251687
0.0077264607
0.008339226
0.0061197877
0.006207198
0.0068751574
0.0063016415
0.0062452257
0.0067179203
0.007117301
0.008178771
0.008455306
0.00627017
0.008438408
0.005161464
0.015088558
0.017591327
0.018479258
0.022993714
0.021889418
0.013075501
0.0054957867
0.011365473
0.01247713
0.012486964
0.017295122
0.008358091
0.012245536
0.011181861
0.011246681
0.0062331557
0.012072742
0.009414613
0.014388233
0.023417473
0.017197073
0.017031074
0.008099079
0.008354247
0.0095413625
0.008866489
0.006769538
0.014062405
0.012379348
0.012468219
0.013371646
0.009795845
0.008655041
0.007957846
0.0072486103
0.006874025
0.010728031
0.010687083
0.008013189
0.0011697114
0.012813091
0.012558132
0.009384364
0.0075748265
0.008085042
0.0074777305
0.0070804656
0.008478016
0.006999105
0.005321294
0.005251974
0.006254971
0.0060291886
0.008689135
0.010414243
0.0060427785
0.007970184
0.006041199
0.00616017
0.0066434145
0.0064110756
0.007835686
0.005450189
0.005628407
0.006868094
0.008154869
0.0057888925
0.0058454573
0.0054949224
0.008258164
0.005104482
0.0063037574
0.0054830313
0.0064194202
0.0065107048
0.008568257
0.005889207
0.0073519945
0.016741484
0.0048892796
0.006895721
0.0058193207
0.007249713
0.007744044
0.0050815344
0.0049339533
0.0058630407
0.005359918
0.005429685
0.004990697
0.0068184733
0.0062310696
0.0049140453
0.005893737
0.0045208335
0.004987359
0.006498575
0.0068772733
0.0061550736
0.005735278
0.005389631
0.00449571
0.0065443516
0.005723089
0.0054739118
0.0057458878
0.0056238174
0.0057524443
0.0045954287
0.005650848
0.0055911243
0.0051952302
0.0060646534
0.0058451593
0.007503301
0.00860095
0.0053970814
0.005794078
0.0057187974
0.0070951283
0.0050678253
0.008870721
0.011243701
0.008208752
0.005860597
0.0047818124
0.0066105127
0.012247533
0.0059435368
0.0051014125
0.0058252513
0.008292258
0.009712577
0.0077459514
0.006586969
0.007202506
0.006585598
0.007188201
0.00982365
0.00709936
0.0107293725
0.010507345
0.008601159
0.0098234415
0.010419339
0.007008016
0.0078017414
0.0062760115
0.0059060454
0.011031628
0.007345557
0.010765344
0.0076009333
0.0061206818
0.006855577
0.006058395
0.014819741
0.007402122
0.005366564
0.0073219836
0.00955233
0.0067825317
0.007785052
0.008972824
0.006561458
0.0063872635
0.009668082
0.005942315
0.014023066
0.0053863823
0.0062783957
0.009995192
0.00720492
0.005998969
0.012046337
0.008271515
0.011854619
0.00756675
0.005589545
0.008791178
0.009205401
0.016453087
0.006139636
0.0071765184
0.006286949
0.0053569376
0.0056939125
0.0066790283
0.009071231
0.0055246055
0.004517019
0.004957497
0.0058608353
0.0047109723
0.008141249
0.0061777234
0.005767137
0.0058598816
0.0063637495
0.0092737675
0.01537779
0.008766979
0.0060554445
0.006309569
0.009043455
0.0058242977
0.00624606
0.0062461495
0.0063913465
0.0062768757
0.005662173
0.00865826
0.005980313
0.0055911243
0.0064303577
0.0068769455
0.005580455
0.0059140325
0.0054321885
0.0066306293
0.005844891
0.0063905716
0.005972028
0.008144081
0.012584239
0.013363093
0.0096306205
0.016073823
0.0142658055
0.0075778365
0.023255616
0.02055338
0.014068544
0.018854827
0.01796469
0.02237615
0.010216534
0.012484431
0.006146133
0.033161342
0.012122512
0.00680089
0.02670616
0.012994617
0.012792528
0.011764139
0.013040185
0.0070650578
0.00761649
0.006600827
0.010270566
0.012310922
0.017126083
0.008599341
0.007855266
0.010159314
0.006102979
0.0076541305
0.0060044527
0.0052203834
0.014896989
0.0051393807
0.05013168
0.017729849
0.013606042
0.013167232
0.007008016
0.0065717697
0.007470578
0.0054085255
0.0069301724
0.007168025
0.0066252947
0.005538374
0.005466968
0.006089717
0.010604143
0.00526461
0.0053970814
0.0057691038
0.005720377
0.0052482486
0.0066919923
0.0054755807
0.0058024526
0.013058275
0.0051891506
0.0059670806
0.0059532225
0.013738722
0.010753155
0.010805905
0.00953722
0.01235491
0.008431435
0.00953722
0.008884013
0.008891135
0.010805905
0.007827312
0.00877887
0.00877887
0.00953722
0.011213124
0.010805905
0.008112043
0.009768128
0.010942906
0.014193267
0.014250338
0.014250338
0.0151593685
0.014955491
0.014349043
0.011728317
0.012283057
0.013045102
0.010678858
0.009675115
0.010653287
0.013020903
0.012857437
0.011160374
0.011213124
0.01083982
0.012283057
0.015481085
0.014250338
0.014250338
0.0136503875
0.01057145
0.014753729
0.013209105
0.013020903
0.02235356
0.0130777955
0.0136111975
0.02365011
0.014250338
0.0151177645
0.009245843
0.011213124
0.012070924
0.020340025
0.021889418
0.017999232
0.011970431
0.014988184
0.014935434
0.019442707
0.014250338
0.014988184
0.017601192
0.012538642
0.018269688
0.013101786
0.013020903
0.012894422
0.013376862
0.015389055
0.013020903
0.014988184
0.011959672
0.012486666
0.015223712
0.01494658
0.012283057
0.00953722
0.014988184
0.00747782
0.008148223
0.0076366067
0.015953898
0.04129955
0.0144765675
0.0120592415
0.014988184
0.010805905
0.009545684
0.009708405
0.010977089
0.009854406
0.008838624
0.00953722
0.008805931
0.00953722
0.007717371
0.010931164
0.010166764
0.0088838935
0.010805905
0.010542601
0.010805905
0.00953722
0.0090256035
0.00953722
0.010805905
0.008292854
0.010805905
0.010805905
0.012505949
0.008348912
0.009809107
0.008509368
0.011213124
0.008546263
0.010805905
0.008838624
0.011213124
0.020307899
0.025466293
0.021202117
0.015105605
0.01936096
0.021889418
0.014790237
0.019521713
0.018049866
0.016423553
0.021889418
0.016904622
0.0144765675
0.021889418
0.027197152
0.014250338
0.022630364
0.016835034
0.026484847
0.022386253
0.022386253
0.006881058
0.012910187
0.014685631
0.015121251
0.015516996
0.0148867965
0.013006926
0.014988184
0.013276488
0.0144049525
0.021927476
0.014296293
0.02250874
0.019361883
0.0165101
0.012760103
0.0136503875
0.010188848
0.010805905
0.014197588
0.00855881
0.010805905
0.015516996
0.007807195
0.01152128
0.022386253
0.013738811
0.014988184
0.0144765675
0.013020903
0.0144765675
0.011180431
0.011180431
0.014388233
0.014250338
0.0127821565
0.022630483
0.008604169
0.007891923
0.0071751475
0.007672429
0.008806646
0.0058410466
0.0063808262
0.0060043335
0.0056877434
0.004912913
0.005409211
0.0070617497
0.007134944
0.0061590075
0.006988317
0.0067515075
0.010097355
0.009354711
0.007528335
0.011554956
0.0060221553
0.007324308
0.007316172
0.0067463517
0.0067879558
0.008356065
0.007528335
0.007607609
0.007327825
0.006291628
0.0091814995
0.0072965324
0.007946193
0.0077750087
0.0077979863
0.006052524
0.008069485
0.0084962845
0.009187937
0.0076396465
0.007786572
0.006918967
0.009086639
0.008327007
0.00709635
0.013197899
0.008860439
0.0075372756
0.00843358
0.009513587
0.009027839
0.0076410174
0.008908421
0.007900089
0.010468185
0.0068045557
0.013629377
0.014250517
0.008770287
0.008139521
0.007447481
0.006801456
0.012284696
0.008883327
0.0074268878
0.013158798
0.007764697
0.012345821
0.014932781
0.010322154
0.010623395
0.00798896
0.02239886
0.014698237
0.012508571
0.012467682
0.012170285
0.011917949
0.014110744
0.010489643
0.0118507445
0.010659903
0.007946819
0.010659903
0.0145564675
0.008509368
0.0078368485
0.008081168
0.010026544
0.008770376
0.006652802
0.017464638
0.008513331
0.009908974
0.010411084
0.008455753
0.013682127
0.011813313
0.011110932
0.008137077
0.007933378
0.0068953335
0.008477926
0.0058045983
0.006920725
0.009620905
0.008832246
0.0067361593
0.0067130327
0.005407393
0.006199658
0.0062776804
0.007110566
0.0076642632
0.007978469
0.007639408
0.0078071654
0.0083453655
0.00879702
0.0069506764
0.005513519
0.0064222515
0.008106351
0.0061532855
0.006198287
0.0068326592
0.006431341
0.0067515075
0.0067005455
0.0067515075
0.0066904426
0.006312132
0.0067188144
0.005918443
0.006851256
0.011110723
0.008581221
0.006371796
0.0062760413
0.006353736
0.0068237484
0.0068653524
0.008084923
0.0057018697
0.0062104166
0.005885124
0.006308615
0.006239891
0.0073491335
0.008220196
0.005456388
0.008934826
0.021889418
0.0072434545
0.0067515075
0.0067188144
0.0067515075
0.012811899
0.006531805
0.018025368
0.017147154
0.01298821
0.015892833
0.016450584
0.021889418
0.015768439
0.019814998
0.018429965
0.01390025
0.015516996
0.014531165
0.013649434
0.012905538
0.012370139
0.019361883
0.014832288
0.016808122
0.03292781
0.019774199
0.018681347
0.010883033
0.0112499
0.010206193
0.011013806
0.00749892
0.015954375
0.012355953
0.011993438
0.0110167265
0.012155861
0.010713726
0.012979299
0.0123975575
0.008230895
0.015071183
0.015881687
0.010541111
0.009294212
0.012390077
0.008406192
0.009105682
0.009817302
0.006806195
0.007196009
0.0064006746
0.007528335
0.0076164305
0.006406367
0.0070855618
0.00825125
0.013112366
0.0078777075
0.010559887
0.0071320534
0.0057887435
0.011218667
0.0068653524
0.0063900948
0.00539577
0.007184446
0.008597642
0.006971717
0.010478228
0.013057679
0.013545573
0.014164001
0.010805905
0.01235491
0.010805905
0.010805905
0.009908974
0.010805905
0.00882715
0.010877252
0.00953722
0.009908974
0.014988184
0.011213124
0.010327876
0.010770977
0.009975731
0.011384308
0.013590932
0.0085769
0.010805905
0.011213124
0.013081372
0.011384308
0.010487378
0.013081372
0.012082726
0.012910187
0.010809064
0.010874271
0.011213124
0.011926979
0.013926953
0.012910187
0.011213124
0.011213124
0.010893226
0.0130777955
0.010811329
0.012910187
0.012675732
0.009502947
0.0130777955
0.021502286
0.012910187
0.022508383
0.011213124
0.026100874
0.019683957
0.014877856
0.02365011
0.01568818
0.02687347
0.022799492
0.022386253
0.020626783
0.01568818
0.024234712
0.014988184
0.014988184
0.028853238
0.013857484
0.008848339
0.015516996
0.007941693
0.00953722
0.007824957
0.010561138
0.011282593
0.012910187
0.015516996
0.014250338
0.010536343
0.00953722
0.00953722
0.00953722
0.0068580806
0.00953722
0.010805905
0.010805905
0.00826028
0.00753057
0.008148223
0.00826028
0.008148223
0.010805905
0.008148223
0.011282593
0.00953722
0.009015828
0.025401533
0.025984794
0.019677281
0.02088654
0.015308142
0.014988184
0.025181562
0.014154881
0.021140248
0.04574892
0.025892556
0.028230429
0.015516996
0.012910187
0.026628375
0.01336509
0.015138805
0.03217241
0.012709826
0.0113222
0.011213124
0.012910187
0.012910187
0.01389426
0.011213124
0.010805905
0.011926979
0.010398686
0.009008974
0.011213124
0.011213124
